1  8.0  8388608.0  250.60619018448574  250.60619018448574  250.60619018448574
2  8.0  8388608.0  494.83392619844534  499.3871621778268  490.2806902190639
3  8.0  8388608.0  739.9313798894032  749.037851848166  730.8249079306403
4  8.0  8388608.0  985.0288335803607  998.688541518505  971.3691256422163
5  8.0  8388608.0  1230.1262872713182  1248.3392311888442  1211.9133433537922
6  8.0  8388608.0  1474.8777579545826  1497.9639008591835  1450.511763019209
7  8.0  8388608.0  1719.4241837689124  1747.6145905295223  1686.8788225866986
8  8.0  8388608.0  1963.829752371746  1997.265280199861  1921.0169687089635
9  8.0  8388608.0  2208.1418383940563  2246.915969870198  2152.9300014302767
10  8.0  8388608.0  2452.192605071563  2496.5406395405375  2382.6252716035324
11  8.0  8388608.0  2696.045470413439  2746.191329210876  2610.0951858557537
12  8.0  8388608.0  2939.735061726557  2995.8420188812156  2835.3418959966243
13  8.0  8388608.0  3183.299321438596  3245.4927085515533  3058.3668075640467
14  8.0  8388608.0  3426.6353043053255  3495.117378221894  3279.199316420096
15  8.0  8388608.0  3669.7790299318267  3744.7680678922325  3497.8088226221034
16  8.0  8388608.0  3912.7504487419997  3994.4187575625715  3714.1963400824657
17  8.0  8388608.0  4155.5801017243075  4244.069447232915  3928.3626297103865
18  8.0  8388608.0  4398.197372553324  4493.694116903256  4140.308276735659
19  8.0  8388608.0  4640.625990766212  4743.344806573594  4350.033740879298
20  8.0  8388608.0  4882.877449348893  4992.9954962439315  4557.539389975874
21  8.0  8388608.0  5124.977141974382  5242.646185914273  4762.82552313988
22  8.0  8388608.0  5366.874343518496  5492.270855584612  4965.89238711788
23  8.0  8388608.0  5608.585341907058  5741.921545254951  5166.740188078632
24  8.0  8388608.0  5850.11614635181  5991.57223492529  5365.369100275831
25  8.0  8388608.0  6091.488441313959  6241.222924595625  5561.779272521417
26  8.0  8388608.0  6332.66498824605  6490.847594265967  5755.970833097108
27  8.0  8388608.0  6573.657091884771  6740.498283936306  5947.943893532637
28  8.0  8388608.0  6814.466921855531  6990.148973606642  6137.698551549139
29  8.0  8388608.0  7055.113381444726  7239.79966327698  6325.234893378619
30  8.0  8388608.0  7295.56898351571  7489.42433294732  6510.552995611322
31  8.0  8388608.0  7535.841557999494  7739.075022617661  6693.653704290695
32  8.0  8388608.0  7775.930343764406  7988.725712287999  6874.53631100984
33  8.0  8388608.0  8015.852086832847  8238.376401958338  7053.200870566056
34  8.0  8388608.0  8255.586684389018  8488.001071628674  7229.647432695228
35  8.0  8388608.0  8495.139186673212  8737.651761299006  7403.876042735406
36  8.0  8388608.0  8736.33954789433  8987.302450969351  7584.001616732761
37  8.0  8388608.0  8980.772775902664  9236.97916063969  7780.4612295652205
38  8.0  8388608.0  9227.766165762272  9486.629850310026  7992.474497518563
39  8.0  8388608.0  9476.81532118392  9736.280539980362  8220.013050210378
40  8.0  8388608.0  9727.38179125547  9985.9312296507  8463.070156074727
41  8.0  8388608.0  9979.00192811572  10235.607939321042  8721.646375215332
42  8.0  8388608.0  10231.30301264065  10485.258628991383  8995.747721068416
43  8.0  8388608.0  10483.95973670957  10734.909318661721  9285.3517515304
44  8.0  8388608.0  10736.600106530143  10984.56000833206  9590.468757786706
45  8.0  8388608.0  10988.907711216636  11234.2367180024  9911.107885297914
46  8.0  8388608.0  11240.631657009055  11483.88740767274  10239.95794818853
47  8.0  8388608.0  11490.094362174625  11733.538097343082  10546.01872093322
48  8.0  8388608.0  11736.918031526631  11983.188787013418  10811.482390855768
49  8.0  8388608.0  11984.599847250025  12232.86549639684  11072.507795027374
