1  8.0  8388608.0  163.0153024773729  163.0153024773729  163.0153024773729
2  8.0  8388608.0  320.0398868475759  324.5931228269573  315.48665086819443
3  8.0  8388608.0  477.75418467243617  486.86065663119905  468.6477127136733
4  8.0  8388608.0  635.4684824972965  649.1281904354407  621.8087745591521
5  8.0  8388608.0  793.1827803221566  811.3957242396824  774.9698364046309
6  8.0  8388608.0  950.5510951393238  973.6372380439243  926.1851002039502
7  8.0  8388608.0  1107.7138796530207  1135.9047718481665  1075.1656058635906
8  8.0  8388608.0  1264.735746275904  1298.172305652408  1221.9157417743982
9  8.0  8388608.0  1421.6641842554354  1460.43983945665  1366.440157491083
10  8.0  8388608.0  1578.3325137796428  1622.6813532608917  1508.766996645834
11  8.0  8388608.0  1734.8031223724035  1784.9488870651335  1648.867925454185
12  8.0  8388608.0  1891.1104799655493  1947.216420869375  1786.7451355235303
13  8.0  8388608.0  2047.2924598889922  2109.483954673614  1922.400044393976
14  8.0  8388608.0  2203.2452431121087  2271.7254684778545  2055.833622461023
15  8.0  8388608.0  2359.0059128969006  2433.993002282096  2187.046564243399
16  8.0  8388608.0  2514.59435745161  2596.260536086337  2316.0393850830706
17  8.0  8388608.0  2670.0410795868424  2758.5280698905776  2442.8124790119805
18  8.0  8388608.0  2825.274936148747  2920.769583694819  2567.36615504263
19  8.0  8388608.0  2980.3202512255157  3083.037117499061  2689.7006608294787
20  8.0  8388608.0  3135.18848501859  3245.3046513033028  2809.81619861243
21  8.0  8388608.0  3289.9050080663933  3407.572185107545  2927.7129362686446
22  8.0  8388608.0  3444.418745448006  3569.813698911786  3043.3910151652567
23  8.0  8388608.0  3598.7463644878935  3732.0812327160274  3156.850555862026
24  8.0  8388608.0  3752.8938549380496  3894.3487665202697  3268.0916623336993
25  8.0  8388608.0  3906.882886459365  4056.616300324509  3377.114425151213
26  8.0  8388608.0  4060.6759722565293  4218.857814128759  3483.9189239163725
27  8.0  8388608.0  4214.2846802952445  4381.125347933002  3588.5052291518505
28  8.0  8388608.0  4367.711167746321  4543.3928817372425  3690.8734037876247
29  8.0  8388608.0  4520.974327966342  4705.660415541483  3791.023504343882
30  8.0  8388608.0  4674.04648885924  4867.901929345726  3888.955581882774
31  8.0  8388608.0  4826.936414612286  5030.169463149968  3984.676553520209
32  8.0  8388608.0  4979.642601433206  5192.436996954209  4078.1796590412623
33  8.0  8388608.0  5132.181782993429  5354.704530758451  4169.4649308548915
34  8.0  8388608.0  5284.533734347812  5516.946044562693  4258.532399057647
35  8.0  8388608.0  5436.703587679227  5679.213578366934  4345.3818867807195
36  8.0  8388608.0  5588.688487410709  5841.481112171176  4430.013250440486
37  8.0  8388608.0  5740.503461351452  6003.748645975417  4512.426556535038
38  8.0  8388608.0  5892.1342865113465  6165.990159779661  4592.628831784752
39  8.0  8388608.0  6043.583826680487  6328.2576935839015  4670.612958586862
40  8.0  8388608.0  6194.847499646944  6490.5252273881415  4746.378997761972
41  8.0  8388608.0  6345.938932859464  6652.7927611923815  4819.927004746677
42  8.0  8388608.0  6496.848558449862  6815.034274996627  4891.257030225239
43  8.0  8388608.0  6647.577564371208  6977.301808800869  4960.36912067203
44  8.0  8388608.0  6798.119965684291  7139.569342605108  5027.263318819323
45  8.0  8388608.0  6948.48822692611  7301.83687640935  5091.9396640622035
46  8.0  8388608.0  7098.69372264071  7464.104410213594  5154.3981928104
47  8.0  8388608.0  7248.682331643773  7626.3459240178345  5214.638938795093
48  8.0  8388608.0  7398.503515860766  7788.613457822076  5272.66193333731
49  8.0  8388608.0  7548.148963094668  7950.880991626316  5328.467205583554
