   MB       Rsize        avg              max                  min
  10.0  8.388608E7  581.358560771828  757.7803222790773  311.9174170768999
  10.0  8.388608E7  587.925047529637  756.1274873504599  348.91007070622425
  10.0  8.388608E7  589.9947705497028  759.7759885541706  343.4400135740708
  10.0  8.388608E7  575.4596380058211  740.374807830091  354.20108729809664
  10.0  8.388608E7  575.921583782029  753.5074293487943  293.1008805088482
  10.0  8.388608E7  571.0222238568012  738.7916728390145  329.8182608689468
  10.0  8.388608E7  586.2634306902471  760.8841286686173  318.1838009429847
  10.0  8.388608E7  586.4161061137523  761.1601719116434  321.8582302261474
  10.0  8.388608E7  583.5138736863488  754.5742815407357  327.35498811391113
  10.0  8.388608E7  571.8872319298277  745.560606728573  309.9576616366526
  10.0  8.388608E7  580.8938022510515  757.073145469884  308.8159918031004
  10.0  8.388608E7  569.8411900883617  740.2991752011574  320.93851398381196
  10.0  8.388608E7  579.4366371498797  751.8923313357499  323.4872439315729
  10.0  8.388608E7  575.24266890846  746.3457267064924  321.2205935392658
  10.0  8.388608E7  587.2437626758826  754.2474590592161  358.9375602362951
  10.0  8.388608E7  574.2919892671176  748.7861396580217  306.56382466402556
  10.0  8.388608E7  573.4830354830876  749.7431187640984  300.35701986667766
  10.0  8.388608E7  578.254515228977  747.6997123104131  330.486438222552
  10.0  8.388608E7  590.9436457582833  760.1218327371104  350.9441469321321
  10.0  8.388608E7  582.0112100074359  751.830516871425  332.7755079988384
  10.0  8.388608E7  572.7047373835057  744.001721373655  312.4335457146802
  10.0  8.388608E7  576.2951179190156  745.491793153744  331.7530614938771
  10.0  8.388608E7  590.3347163445608  763.5897231229152  328.78881742979536
  10.0  8.388608E7  574.4182340028358  748.9073878645211  307.34938219559524
  10.0  8.388608E7  586.7097818664427  756.5402174036989  337.94981239892974
  10.0  8.388608E7  584.3422095064141  757.6515027817873  322.92460116773987
  10.0  8.388608E7  563.6161252830763  739.8914267331071  288.33545396363354
  10.0  8.388608E7  578.4067804488078  750.9623474942778  314.57752421727037
  10.0  8.388608E7  570.1907486590427  742.6314726661448  311.11501315620086
  10.0  8.388608E7  572.7205193887713  745.1595194981062  316.48827115101017
  10.0  8.388608E7  572.8049874114269  751.0339787824425  291.1955175265437
  10.0  8.388608E7  578.2876887865716  750.6978749775529  319.7432620297495
  10.0  8.388608E7  573.5347905568842  742.4391000652084  330.0545336238883
  10.0  8.388608E7  581.1967649950327  753.3195064585562  324.6463294559075
  10.0  8.388608E7  585.8440107006501  756.3182151087316  334.08353749114457
  10.0  8.388608E7  581.5168653154997  745.3167820769194  380.4350488269588
  10.0  8.388608E7  574.2617314577869  747.6812645488485  312.87100974893326
  10.0  8.388608E7  583.4530241944037  758.8707676055144  315.3157114338287
  10.0  8.388608E7  587.608369605899  754.7365550847843  352.88883711701186
  10.0  8.388608E7  575.884543104437  751.2793961750273  300.99195279649433
  10.0  8.388608E7  563.8503502775777  741.7764581915692  286.1387813071525
  10.0  8.388608E7  574.8941807511203  748.6878929835327  309.5546247466906
  10.0  8.388608E7  575.96485116988  750.3988990042109  312.3615194574125
  10.0  8.388608E7  573.097116150291  752.1815904977075  291.14565090365033
  10.0  8.388608E7  573.8377084275137  746.8990907127037  311.990016142959
  10.0  8.388608E7  576.2902886871851  747.4832350326385  320.655890021072
  10.0  8.388608E7  582.3684021157172  753.4959293137669  327.50326926190877
  10.0  8.388608E7  565.3784241010987  736.0788200138187  315.0301573802925
  10.0  8.388608E7  569.6081908931328  743.6840322147556  305.37478311192893
  10.0  8.388608E7  576.3111618473869  748.0422615819909  323.49509853178137
  10.0  8.388608E7  565.7574372419584  744.8954082647698  283.85173747115755
  10.0  8.388608E7  576.7921491993073  750.748324113893  310.7053099035565
  10.0  8.388608E7  580.4645581855169  747.7414573635776  346.7149699940325
  10.0  8.388608E7  578.116893972059  743.7574603626714  352.90967347275887
  10.0  8.388608E7  582.5744973687464  752.9356070745474  333.96789704223806
  10.0  8.388608E7  592.3869978267243  756.0365392834187  381.43729656145075
  10.0  8.388608E7  583.0163730270418  750.5819545161099  346.036955940096
  10.0  8.388608E7  576.4837355428558  752.8804914668008  304.08623056142454
  10.0  8.388608E7  583.3658698651092  752.8756394378454  337.0550271337363
  10.0  8.388608E7  578.2703528633585  751.1012969571825  318.18989870253176
  10.0  8.388608E7  576.7571472313759  744.8567929923457  337.96515207678306
  10.0  8.388608E7  578.4575712447851  754.3939561170881  307.51217427772593
  10.0  8.388608E7  584.3469929551953  752.0265250039525  351.01398572579825
  10.0  8.388608E7  584.9018216374752  760.1200448293392  316.7879150502645
  10.0  8.388608E7  593.4438654314674  759.7870090638086  366.2851698887826
  10.0  8.388608E7  584.7301576264966  755.6712228677387  335.32620914110305
  10.0  8.388608E7  585.27127192786  750.0537472615227  366.7107575408243
  10.0  8.388608E7  575.8334493418891  744.5936384202429  334.96797633402537
  10.0  8.388608E7  576.70861433395  743.6676529231127  343.5609213530535
  10.0  8.388608E7  577.930820213385  755.2065178648281  299.75881664289784
  10.0  8.388608E7  575.0701658268079  745.6225098277881  326.03357666883016
  10.0  8.388608E7  572.8220231086503  747.5016731144044  304.8213590900723
  10.0  8.388608E7  570.562173987852  739.2971188076315  325.98112222616146
  10.0  8.388608E7  568.4345225998865  747.0712062989937  286.6961374320899
  10.0  8.388608E7  582.7810463037647  751.3311752675781  342.4684476886752
  10.0  8.388608E7  578.1869849096109  750.4743594504968  320.0389007569812
  10.0  8.388608E7  581.9499025376405  757.3584247666611  315.66744730959005
  10.0  8.388608E7  587.4090180435862  761.5544387414941  315.5837415894562
  10.0  8.388608E7  575.4849728468189  749.7120051117553  308.83082518585684
  10.0  8.388608E7  577.5322081933898  744.7898335093057  344.430910803116
  10.0  8.388608E7  582.475639883162  751.4339591485092  343.26567411195754
  10.0  8.388608E7  577.9193426626263  752.609072818385  310.0300429530331
  10.0  8.388608E7  594.5995970488  766.4371739886217  338.41611697963145
  10.0  8.388608E7  570.3232582824019  739.2571429012411  327.23536926011764
  10.0  8.388608E7  579.1234673278443  755.0994273593953  309.6153881306989
  10.0  8.388608E7  566.1103071912445  743.7466714957002  289.2009577018099
  10.0  8.388608E7  571.1952615517425  745.4289584938612  300.83836869803304
  10.0  8.388608E7  587.7529611366032  757.9826467548075  336.1459906033471
  10.0  8.388608E7  586.5132660025939  758.2329897501828  334.0805223537647
  10.0  8.388608E7  584.9482739194304  754.6753696147475  338.59242762779684
  10.0  8.388608E7  584.888458887043  755.4775773972418  332.46002024985376
  10.0  8.388608E7  578.6146761355649  752.3296552412863  319.65723971382374
  10.0  8.388608E7  571.216716308736  748.8174964573525  298.65048092199305
  10.0  8.388608E7  587.0067879511412  757.794074475258  336.26940887333296
  10.0  8.388608E7  590.7492308077084  763.1875837787904  332.2479984774945
  10.0  8.388608E7  574.8212537591675  749.1505804887487  307.15158264288317
  10.0  8.388608E7  573.0823917536756  744.2615703851018  318.9042386450107
  10.0  8.388608E7  582.1561580992189  752.0043706547651  336.96132159968596
  10.0  8.388608E7  585.2632317816913  752.345965901078  351.13425478007605
  10.0  8.388608E7  578.5991174784301  751.8975548349248  317.50718208715085
  10.0  8.388608E7  575.8056538405918  746.9728715378493  320.3987869680681
  10.0  8.388608E7  579.3171271131075  756.5418334113027  306.16074572219065
  10.0  8.388608E7  584.7230862155751  751.8519146512438  349.81183123874854
  10.0  8.388608E7  581.2057378220796  751.388777092173  331.2519247943082
  10.0  8.388608E7  584.1988952488172  756.0482620433961  323.7813659807031
  10.0  8.388608E7  583.099130261644  752.7622026158327  334.70864624664085
  10.0  8.388608E7  576.2662412396369  743.1346591475597  344.214374093767
  10.0  8.388608E7  574.9166921026608  746.9854134800729  316.38470462606375
  10.0  8.388608E7  564.8914438044668  736.6250812592184  307.2818112608404
  10.0  8.388608E7  584.4534127313116  757.6903714774096  325.17814183315926
  10.0  8.388608E7  579.91414228003  756.4167635647412  303.27733072252215
  10.0  8.388608E7  579.0801682630322  744.500980134465  358.3016045235584
  10.0  8.388608E7  577.5048736150728  750.5610602421264  319.71504900022586
  10.0  8.388608E7  575.2931287109689  744.6051008099672  331.22336798118806
  10.0  8.388608E7  583.953505359923  751.025974302803  350.9030825977283
  10.0  8.388608E7  579.6561978566498  750.8196356002485  325.13230160475695
  10.0  8.388608E7  575.7896030723389  740.5299786972101  354.1757763300577
  10.0  8.388608E7  583.7117950904936  756.7946145116837  320.5526923670011
  10.0  8.388608E7  574.9353393829141  747.4488563430825  314.8215603001688
  10.0  8.388608E7  579.376832121758  745.2091497164017  352.67531620768324
  10.0  8.388608E7  572.5145129452106  747.3308047717318  307.94280317776776
  10.0  8.388608E7  582.2399272847689  755.9169277272381  319.591455887771
  10.0  8.388608E7  588.5235157863709  753.9500469289255  365.1137562602964
  10.0  8.388608E7  576.3001298605722  737.0828007344868  398.35506905150356
  10.0  8.388608E7  584.2299694143412  755.9148112626325  331.08993288986954
  10.0  8.388608E7  576.6485826698461  745.4808858201675  339.6481040737983
  10.0  8.388608E7  572.955988680792  748.8282039429187  297.4798669482231
  10.0  8.388608E7  577.1709139760588  751.2352343637273  314.00932513644545
  10.0  8.388608E7  574.2752318079212  744.3210881360769  326.8449680593804
  10.0  8.388608E7  577.3982982794955  748.9417302229774  322.3799895369739
  10.0  8.388608E7  587.4727447817936  758.1606767125107  328.5215125155863
  10.0  8.388608E7  581.5746926417839  752.3083200696591  327.43051824946497
  10.0  8.388608E7  577.1583166449175  748.253449885873  323.74215612478355
  10.0  8.388608E7  577.9056114511127  746.2416068390406  338.0103361615561
  10.0  8.388608E7  579.0255278538145  753.5502293836051  314.7306327933046
  10.0  8.388608E7  580.8815735133016  755.6362751221274  308.6339689852151
  10.0  8.388608E7  582.5242738383512  754.1210120133012  323.47740783144457
  10.0  8.388608E7  578.198019578979  746.4763259424759  336.2689546757493
  10.0  8.388608E7  585.9440778083856  759.1215936265927  323.5223253760963
  10.0  8.388608E7  585.7943043144528  758.486454909968  324.59197564877155
  10.0  8.388608E7  580.6319381976928  751.2985954306317  331.1967183122504
  10.0  8.388608E7  571.3145995935843  742.5121925133698  331.1118081418575
  10.0  8.388608E7  568.3690509894024  737.9163408711296  324.17219169559036
  10.0  8.388608E7  574.2865649897371  750.0002762514898  306.19399247326027
  10.0  8.388608E7  571.1295675480482  750.6198085618788  286.9559823976036
  10.0  8.388608E7  578.1927990959279  752.6579790244971  312.29874161445196
  10.0  8.388608E7  572.7255385885223  749.1475468526792  298.2529285423269
  10.0  8.388608E7  575.9322117068574  749.5779350693421  312.91213614659387
  10.0  8.388608E7  578.1410650514805  748.8328142963458  325.4793068786032
  10.0  8.388608E7  578.138978099033  751.8356905428946  313.75166666041827
  10.0  8.388608E7  584.8840405659987  748.6727367594366  376.60308057891797
  10.0  8.388608E7  582.9870052099845  757.5949182141924  316.0444659505473
  10.0  8.388608E7  578.799576468397  747.4199631505921  337.1058114414736
  10.0  8.388608E7  576.5572285562458  746.5125874731718  332.0416984070777
  10.0  8.388608E7  564.2727319338586  731.637627266754  332.4521402109927
  10.0  8.388608E7  584.2920443747305  755.6732651964874  331.4432054756362
  10.0  8.388608E7  577.7061385040929  750.8837560409388  312.9056729735841
  10.0  8.388608E7  577.1175656115331  745.1606184027696  340.09445780135707
  10.0  8.388608E7  576.1564887044202  744.7024650561351  335.83340077423435
  10.0  8.388608E7  576.7392330463769  752.6484550366459  303.4476360269522
  10.0  8.388608E7  569.4103031331932  738.4004503540344  332.44179064462156
  10.0  8.388608E7  577.4411384242842  750.2386194176497  315.61001392826785
  10.0  8.388608E7  571.8121257390065  741.3609037149098  325.6651347126911
  10.0  8.388608E7  589.5929570122665  756.8170017560043  353.15011296649834
  10.0  8.388608E7  578.9008407383161  748.8934724884726  332.33636671941224
  10.0  8.388608E7  589.5831436106052  763.0714181894696  323.3669998639321
  10.0  8.388608E7  574.1482216071558  748.7083889521368  307.58338698267926
  10.0  8.388608E7  571.8586064958529  745.5879787625954  307.85460353693765
  10.0  8.388608E7  575.2099249343617  744.2606573239792  332.4846714937868
  10.0  8.388608E7  584.2587122882713  754.0872847920681  336.9158310463629
  10.0  8.388608E7  576.2062952728106  751.8276624985276  303.5276743256203
  10.0  8.388608E7  579.0720845461692  748.0802566747052  338.2124662733597
  10.0  8.388608E7  575.1381717973956  743.324383451435  335.2325512326541
  10.0  8.388608E7  591.719557699774  756.10123252171  378.95601852375677
  10.0  8.388608E7  572.8060337805439  746.9299785767628  303.5311290743581
  10.0  8.388608E7  593.2776265093589  764.2056373581036  342.30960999174965
  10.0  8.388608E7  587.7346635438269  756.396407026494  343.15494123027213
  10.0  8.388608E7  589.5111453373738  753.8916261308154  374.10691076310906
  10.0  8.388608E7  582.542869514375  744.6168646902353  385.31685487767703
  10.0  8.388608E7  568.9248202001277  741.3892212967515  305.26727697510876
  10.0  8.388608E7  573.8032778259164  750.1120360437454  299.26025626729387
  10.0  8.388608E7  594.2064131690274  766.1592463867496  337.8447071925377
  10.0  8.388608E7  589.2126570081385  754.6002109028534  367.53941568110054
  10.0  8.388608E7  584.5656240778395  758.0869562774227  322.2108414465185
  10.0  8.388608E7  586.7291517958399  760.1814018780915  323.3608351082164
  10.0  8.388608E7  572.4410437192558  747.5876912451354  301.28272206178616
  10.0  8.388608E7  578.8751578315349  750.79428828061  325.90576701359623
  10.0  8.388608E7  585.2299854102547  756.1218400989433  339.9487960240328
  10.0  8.388608E7  577.4232544158281  748.1195680892185  322.17205100171805
  10.0  8.388608E7  587.7763462128947  751.3561538389343  380.0887650266992
  10.0  8.388608E7  587.7567871246757  758.2175164411653  336.44295292901
  10.0  8.388608E7  586.4025891792521  751.9764576168099  361.64258081544233
  10.0  8.388608E7  572.5545624794438  747.1089884158408  308.67573545543155
  10.0  8.388608E7  574.4099110068996  745.1059687196715  321.57342198669784
  10.0  8.388608E7  584.4731460237875  758.3889776704096  316.90608496702396
  10.0  8.388608E7  575.6702525636817  742.7933815327094  341.5031063898645
  10.0  8.388608E7  560.9598534507886  735.8253795133226  290.53698545398333
  10.0  8.388608E7  582.8355197027387  748.1708980524833  357.8674827036232
  10.0  8.388608E7  565.2808980019046  733.8325230158317  323.7869948089582
  10.0  8.388608E7  574.8456965583257  749.0200561416359  307.1917810483353
  10.0  8.388608E7  571.5449185734782  741.0801132679569  322.381243082327
  10.0  8.388608E7  582.8286239884989  756.3713809604176  325.2055113041334
  10.0  8.388608E7  584.2259371161525  754.009678596252  336.6372502172774
  10.0  8.388608E7  580.6948759418947  746.8472254783005  350.0146412999876
  10.0  8.388608E7  575.3710687399633  743.7965119832043  333.6130989663066
  10.0  8.388608E7  573.5472016438664  748.926655561245  301.1116374363886
  10.0  8.388608E7  575.2911779351026  741.1331050500052  348.5502391388426
  10.0  8.388608E7  581.0981158993025  753.5641996932223  322.4787509134328
  10.0  8.388608E7  586.3483511022655  753.471810829863  352.3711473553385
  10.0  8.388608E7  579.403075726462  755.5240705642667  302.5434348453349
  10.0  8.388608E7  594.8971635499801  765.6382776767946  343.3786273013715
  10.0  8.388608E7  573.8408770939519  745.2085864890091  316.7496022451668
  10.0  8.388608E7  578.9420403244411  752.060529224842  317.5350481532925
  10.0  8.388608E7  589.6660225258539  757.1506003675992  357.0327340935147
  10.0  8.388608E7  567.5257769781193  740.593069890097  304.8606006596583
  10.0  8.388608E7  580.5108475667665  751.5538487847244  328.7599170443693
  10.0  8.388608E7  581.3847882118494  751.3577606688496  332.49539379092926
  10.0  8.388608E7  573.7566858616827  745.723780892921  311.61598707439236
  10.0  8.388608E7  573.019752342662  744.127067185771  322.304995828965
  10.0  8.388608E7  586.0153743528853  757.8448439592543  329.0237761219259
  10.0  8.388608E7  574.0646773109387  741.7759393872657  335.45336409885545
  10.0  8.388608E7  586.7920860445521  754.2743904454508  346.1951157640771
  10.0  8.388608E7  590.8449364056514  764.5266974460558  328.4697554373381
  10.0  8.388608E7  575.0193809602541  750.017519726523  306.3505129686383
  10.0  8.388608E7  579.5457406933541  753.4572429525132  306.61146411079505
  10.0  8.388608E7  566.923954870253  740.3117299345348  303.04753730316816
  10.0  8.388608E7  579.9649252569076  754.16715500021  315.11845593290167
  10.0  8.388608E7  587.4743482357384  752.8370454092442  364.9793573604157
  10.0  8.388608E7  590.706928737531  758.4911786476637  351.08184496682213
  10.0  8.388608E7  575.0115543842332  751.4176960719392  294.4683449631185
  10.0  8.388608E7  589.8239553213891  760.2843200907735  339.98790258356235
  10.0  8.388608E7  577.7833635903346  749.3979171774089  322.18796461493014
  10.0  8.388608E7  579.689874670174  756.6013800247148  303.53111170027466
  10.0  8.388608E7  578.4300303655735  749.420043354881  323.39436098797927
  10.0  8.388608E7  576.0332433557643  750.5470291532105  307.7351247175542
  10.0  8.388608E7  576.9511264932144  756.8627087259022  288.5473754010983
  10.0  8.388608E7  581.1212702411889  749.6845684300486  343.1417835029935
  10.0  8.388608E7  576.4389103085016  745.4032869616268  330.9433511931392
  10.0  8.388608E7  576.290991623902  751.1070550730152  306.5260853411186
  10.0  8.388608E7  570.6865646938853  739.7098240592554  325.32068370773294
  10.0  8.388608E7  578.3328384270513  754.400586381421  301.8464730998455
  10.0  8.388608E7  578.2259245219228  750.7985785021176  317.4500767986669
  10.0  8.388608E7  591.3484905326616  757.1900509561684  363.1561408998959
  10.0  8.388608E7  580.4234704214377  757.0555506990522  308.8834435932653
  10.0  8.388608E7  583.2578461983852  753.3333812573269  336.8562725206338
  10.0  8.388608E7  579.6933709834223  750.0998723037306  328.1724964352528
  10.0  8.388608E7  586.0311442232176  756.0382874258157  337.7899680269987
  10.0  8.388608E7  574.6627912091731  747.2774541522285  315.8211096302893
  10.0  8.388608E7  577.4544243435886  746.7055419218752  336.00654383425746
  10.0  8.388608E7  575.1047142929632  751.9840361024861  298.2698555595565
  10.0  8.388608E7  576.5009203307588  743.5373437395973  344.3993615154691
  10.0  8.388608E7  576.9518235698707  751.6772999768384  305.3007272991951
  10.0  8.388608E7  571.8373044387973  747.1552349956698  302.6278290925464
  10.0  8.388608E7  582.2004818008348  756.9416693837019  316.9320072144315
  10.0  8.388608E7  588.6306165525986  758.313386813525  341.8916175105096
  10.0  8.388608E7  576.886165461651  748.8736301905752  323.61208512369035
  10.0  8.388608E7  576.0212222781819  754.0123403766064  301.4352188248724
  10.0  8.388608E7  576.7491048433209  746.7702849067269  329.7349888722218
  10.0  8.388608E7  584.6422626505417  751.5752686710713  352.7748813799851
  10.0  8.388608E7  575.7392177272707  745.2377480254381  331.27683098462137
  10.0  8.388608E7  573.4326551918085  745.4442565626277  315.6664379683962
  10.0  8.388608E7  590.1835712092951  760.046244243286  340.34550254193056
  10.0  8.388608E7  582.8224404241591  751.960395090398  337.67358939535296
  10.0  8.388608E7  578.5168926720453  753.1651522399553  310.49950955451624
  10.0  8.388608E7  578.4262346679454  748.1021269167103  329.0601289837539
  10.0  8.388608E7  576.8965228300226  753.6709442056372  304.5953726429241
  10.0  8.388608E7  575.7595930229613  744.8101588312433  330.0544968140554
  10.0  8.388608E7  581.0955617232116  750.7361212566803  333.30815369805657
  10.0  8.388608E7  582.4408244257966  753.7407542689883  331.7814428934411
  10.0  8.388608E7  579.0500649507687  744.9852420039228  351.9871861445892
  10.0  8.388608E7  582.1607962470364  752.4433475577706  334.1730891449262
  10.0  8.388608E7  587.1666622395819  758.4732516987052  332.5924034766691
  10.0  8.388608E7  587.6521575493432  754.56851108576  352.9307061271279
  10.0  8.388608E7  575.7134433880246  747.8963499369567  317.2576191540957
  10.0  8.388608E7  581.7207420511415  759.0776698103264  306.8341792811125
  10.0  8.388608E7  580.019727468673  745.0233191680356  360.0972865515586
  10.0  8.388608E7  579.8833644288421  747.7920814539344  340.51284027545336
  10.0  8.388608E7  581.0738057546843  754.1624992829853  319.75988555396856
  10.0  8.388608E7  577.1159922655996  746.7351238651542  331.66688455096806
  10.0  8.388608E7  578.6195204341876  754.4379136216261  310.2635417682919
  10.0  8.388608E7  581.038227613051  752.4377478686833  325.48471666070685
  10.0  8.388608E7  574.7977590015349  740.38825532385  350.55415660074254
  10.0  8.388608E7  570.2374190262847  746.4226070476053  295.10564994294685
  10.0  8.388608E7  577.7754801870886  746.9043612354325  331.978825212849
  10.0  8.388608E7  599.6238154939757  770.2870864514196  347.45295842332627
  10.0  8.388608E7  584.9252167390537  758.8888421389477  321.0730971492752
  10.0  8.388608E7  573.0577833660785  752.0315413227179  286.7158057421587
  10.0  8.388608E7  578.1244178538699  751.2458857268059  316.67121146730364
  10.0  8.388608E7  577.178319707157  742.1368174517131  354.40860813003684
  10.0  8.388608E7  581.6962913303299  749.60773056458  340.0770890557141
  10.0  8.388608E7  569.2228276738388  744.503714595694  301.41656589480544
  10.0  8.388608E7  572.063338036695  746.317095473354  306.9043325614412
  10.0  8.388608E7  584.8461063971714  760.2585539783265  316.1502573339537
  10.0  8.388608E7  570.6775302384034  736.8605330643184  342.66811030617947
  10.0  8.388608E7  591.668098693421  758.1359556942167  367.88927787644366
  10.0  8.388608E7  583.4755287311777  751.6899178234423  343.9167779783808
  10.0  8.388608E7  580.4084327067673  749.2050179102981  335.32188314703
  10.0  8.388608E7  572.7930852862423  745.4870899419344  317.0966015291105
  10.0  8.388608E7  579.0514639943658  751.431811963256  316.7126131372626
  10.0  8.388608E7  570.7910348268638  743.1685638049843  312.5614825964376
  10.0  8.388608E7  572.3737252423902  751.9034997187404  284.68369243459773
  10.0  8.388608E7  586.3567684659839  750.6447676437091  372.4337365169058
  10.0  8.388608E7  578.2986899630038  753.9611437287073  307.0257485385581
  10.0  8.388608E7  570.8428423982411  745.9756223367359  301.43546324619314
  10.0  8.388608E7  586.059962048605  756.6374951142017  336.9847703737868
  10.0  8.388608E7  572.7022231481056  745.4465688447999  319.25686670086486
  10.0  8.388608E7  573.0341195260169  745.185126655592  320.7063395425143
  10.0  8.388608E7  573.70545465741  743.6884756211002  323.6381188794943
  10.0  8.388608E7  582.1668673421942  752.5775888835951  333.2137442064455
  10.0  8.388608E7  577.799840385155  753.955841550727  303.9361963300604
  10.0  8.388608E7  582.4808088087095  752.9912272915634  331.2922379422208
  10.0  8.388608E7  577.1465495980211  740.9832853206811  365.4840004124648
  10.0  8.388608E7  579.0258542487992  749.7764432004702  325.7518120467655
  10.0  8.388608E7  577.0172961267566  753.7941063846697  300.66631199872205
  10.0  8.388608E7  574.9399068823599  749.443947200591  308.4626139438207
  10.0  8.388608E7  575.2807101844912  749.065115078111  311.1760123860709
  10.0  8.388608E7  574.0879284108518  750.9882574912446  295.4142936109672
  10.0  8.388608E7  571.4146388599601  749.3095714961123  295.5752422325657
  10.0  8.388608E7  587.2501239013162  756.0970502147247  343.0915870055596
  10.0  8.388608E7  577.6433825289118  750.8933393726627  317.7652106148152
  10.0  8.388608E7  578.0511317220147  746.8160303382439  334.56833601024226
  10.0  8.388608E7  570.8837111825694  747.1613985193694  294.9296813836161
  10.0  8.388608E7  579.6251225359565  754.312910748893  310.66620391643147
  10.0  8.388608E7  575.7231961313581  750.3760615278096  309.5160799703039
  10.0  8.388608E7  582.177213674878  750.6298859724994  336.4081256764267
  10.0  8.388608E7  571.8994565617553  743.1545313412602  318.91280011095847
  10.0  8.388608E7  582.3678132351555  754.4134891017645  322.1238816537556
  10.0  8.388608E7  580.7273424689037  753.6370864467702  324.2525242228222
  10.0  8.388608E7  576.0070133283403  740.0938087819331  360.21862408131545
  10.0  8.388608E7  582.1267803950501  755.3117673104451  321.177230046253
  10.0  8.388608E7  582.242395288712  756.1203020390265  318.7536462941705
  10.0  8.388608E7  575.3233196313067  751.5985609321593  300.8196703122672
  10.0  8.388608E7  589.6946457293178  760.5534518964325  337.75238733026595
  10.0  8.388608E7  584.7881313856074  753.6460593231061  343.6973647190799
  10.0  8.388608E7  575.708377624705  751.256560573638  305.93152096564046
  10.0  8.388608E7  573.9474677723981  751.0380381985416  295.69997911988105
  10.0  8.388608E7  567.0801455741819  741.0552564230554  303.22801402866327
  10.0  8.388608E7  577.2399150774633  748.2353885183079  330.43378164792176
  10.0  8.388608E7  585.888718260255  754.154815638313  344.33562729132063
  10.0  8.388608E7  577.5781900826626  750.285164106563  316.1909399143178
  10.0  8.388608E7  576.0361021230937  749.9465625290295  311.1818635789989
  10.0  8.388608E7  579.7173748153374  754.7864397298545  309.4702376425848
  10.0  8.388608E7  578.3230699354432  750.5080932715329  325.5658491159801
  10.0  8.388608E7  575.8049682651499  747.3317720313883  317.7056525327735
  10.0  8.388608E7  587.2278777980218  756.0125030522272  346.3991969337491
  10.0  8.388608E7  571.330410749055  742.210973623953  318.7221625648893
  10.0  8.388608E7  577.1722774025061  742.4442045553353  353.61083017264133
  10.0  8.388608E7  581.8529045795009  756.3155228721063  316.0656594357464
  10.0  8.388608E7  574.8345763673937  747.5882366239705  314.85083667283277
  10.0  8.388608E7  576.6536475694631  752.6476834174458  303.8808265626449
  10.0  8.388608E7  566.5067654136913  746.4767974648169  279.36318440733794
  10.0  8.388608E7  574.8371028734751  742.0513736133778  340.6083491561105
  10.0  8.388608E7  591.809472516875  761.9817694819461  343.77676605732756
  10.0  8.388608E7  583.2891209051797  755.0406315687864  326.7651105616294
  10.0  8.388608E7  573.5889822752464  748.5936929254251  306.67924204609204
  10.0  8.388608E7  577.4200885328526  749.8356356243651  319.2549133803229
  10.0  8.388608E7  577.7080391715738  751.5029323567954  313.3644632943286
  10.0  8.388608E7  584.2488852235717  752.3422488343134  345.09927015803805
  10.0  8.388608E7  579.9081239443137  750.1080191804147  330.1161754359282
  10.0  8.388608E7  592.0112288384794  765.874986776274  325.86314067316255
  10.0  8.388608E7  587.4451840110517  757.7651614986281  334.2824484025357
  10.0  8.388608E7  583.7290350278463  753.0787796393279  341.9588153427597
  10.0  8.388608E7  569.3149577312083  749.0505369749606  272.8176866145893
  10.0  8.388608E7  575.7201557609475  746.9351595989997  324.1657502389807
  10.0  8.388608E7  580.3485982255376  751.9566962510852  323.229822930859
  10.0  8.388608E7  577.9736969036412  751.9478366615202  311.7835469884894
  10.0  8.388608E7  578.6421945228735  745.0023634506413  349.3628041216885
  10.0  8.388608E7  588.8046175891446  754.755832705165  363.40290207089714
  10.0  8.388608E7  590.8040792013152  763.5874890392829  330.6748208762038
  10.0  8.388608E7  590.8506572004153  756.8413502257854  361.9837598631328
  10.0  8.388608E7  574.0306776820679  737.6044735654133  361.79986093786493
  10.0  8.388608E7  580.4936642375737  757.5815598223064  305.1402692930842
  10.0  8.388608E7  570.5495977509944  746.1005196917298  304.8011200635548
  10.0  8.388608E7  576.0343621055466  750.028686016344  310.95303213964837
  10.0  8.388608E7  574.9400662525645  747.5619706780151  314.79886511073374
  10.0  8.388608E7  579.9493461308954  745.5463473196692  356.7056798192235
  10.0  8.388608E7  575.4506587789946  750.1088388309453  312.98426866373757
  10.0  8.388608E7  582.1587793833356  748.5446920462311  352.70628075442016
  10.0  8.388608E7  579.0912487150656  756.4653864304693  303.2461777157777
  10.0  8.388608E7  571.4246894315808  743.3344879815278  314.9677244483997
  10.0  8.388608E7  574.4033833587387  748.8166103188247  303.75259672092153
  10.0  8.388608E7  585.3427448078102  756.2296748253683  329.51714658468774
  10.0  8.388608E7  579.1598741372902  753.7260127157126  310.3361150807135
  10.0  8.388608E7  577.033975517682  749.0200764699215  316.26870997740406
  10.0  8.388608E7  590.4714705378764  759.8472420440406  346.0407124940426
  10.0  8.388608E7  588.7132182189031  757.9840485031384  346.1708347253168
  10.0  8.388608E7  585.919719275105  759.0014198084366  326.44792060648507
  10.0  8.388608E7  578.0178328126284  750.2204838292279  320.7013907579031
  10.0  8.388608E7  580.4015800186295  749.5977877207748  338.0489685841852
  10.0  8.388608E7  585.5443831850421  756.340453428795  334.2267583994193
  10.0  8.388608E7  590.0793283324659  761.7832642390101  334.0569570681165
  10.0  8.388608E7  577.9950825066685  753.4213405063988  304.32713555835363
  10.0  8.388608E7  586.7720983402205  751.1210250921714  367.64321446804865
  10.0  8.388608E7  575.4411508718329  747.7495392960969  318.4772167582335
  10.0  8.388608E7  576.2335368485168  748.8062300230714  313.2095958958865
  10.0  8.388608E7  572.9483718021293  742.5997612658018  322.386039164585
  10.0  8.388608E7  581.277420946413  755.4895509579959  315.841212424961
  10.0  8.388608E7  583.2705315644965  756.0785198609901  322.8529645595704
  10.0  8.388608E7  575.6400866259652  751.8730456034345  304.9244347639637
  10.0  8.388608E7  584.6176168903917  757.4147928485012  324.24072842619074
  10.0  8.388608E7  573.510829811137  750.2241327634465  301.3785173427219
  10.0  8.388608E7  578.8728421238145  752.2158128850228  316.370046178398
  10.0  8.388608E7  570.9892166163964  746.6255036813003  297.71790206500225
  10.0  8.388608E7  586.963261932858  749.7040834437319  383.22413998326755
  10.0  8.388608E7  587.5684484238055  757.1168592787712  344.51727080091587
  10.0  8.388608E7  580.664615778621  750.5476068898039  330.3339714429158
  10.0  8.388608E7  572.3340493204265  740.8656550634042  330.84881226845994
  10.0  8.388608E7  580.0333686443032  748.0122819997626  342.42991462193595
  10.0  8.388608E7  578.2096261485583  749.3211506948708  323.66604607666636
  10.0  8.388608E7  591.9202876160501  762.6124019292363  344.9034150597966
  10.0  8.388608E7  564.0002816598527  742.9095126236873  279.61390967714414
  10.0  8.388608E7  593.1372058417312  764.6399782878202  342.86471796508675
  10.0  8.388608E7  597.0295586063849  766.3122054376066  350.74633182136034
  10.0  8.388608E7  576.4055804958793  753.9198038943862  295.65940333649405
  10.0  8.388608E7  581.9182428116592  752.1717632427346  330.5225998503481
  10.0  8.388608E7  571.7258988246759  751.1327503732633  287.2595708836445
  10.0  8.388608E7  574.0154434429631  749.0938343635536  307.0903395564789
  10.0  8.388608E7  585.8945716485505  762.6079013199397  312.0740325895034
  10.0  8.388608E7  584.2638565493779  747.1740725217307  378.6806130440773
  10.0  8.388608E7  582.9146477080408  756.9127745149899  313.33660677469123
  10.0  8.388608E7  580.9863572067744  753.2254303912745  323.8088834844684
  10.0  8.388608E7  573.6558416944899  744.8228003385018  318.9090061784615
  10.0  8.388608E7  582.6519395450584  758.8603520377278  311.0831582568821
  10.0  8.388608E7  583.0744207682324  753.5338141032196  332.99872932931515
  10.0  8.388608E7  589.2518056047551  757.853752889204  346.5039779498705
  10.0  8.388608E7  578.7828974361349  744.6273922643387  352.90973355493884
  10.0  8.388608E7  574.6512079456267  741.0548223567491  344.7281994504438
  10.0  8.388608E7  570.5413583090816  743.3651667385019  308.3894339256644
  10.0  8.388608E7  583.3023041173861  751.0734846077962  346.3662650502501
  10.0  8.388608E7  573.7754573632036  740.278134225404  344.97352875447234
  10.0  8.388608E7  564.0623624851503  735.4879285739768  309.0786791316764
  10.0  8.388608E7  587.2919110798507  760.6446993005619  325.4877731228316
  10.0  8.388608E7  577.7698351548493  751.9687858635966  313.00294741479917
  10.0  8.388608E7  578.8104408109637  746.1584284962478  345.79343568108703
  10.0  8.388608E7  578.1469099303239  749.9373706665133  318.8269292374292
  10.0  8.388608E7  576.9160327377573  748.0158201385067  325.98763087464954
  10.0  8.388608E7  580.8139890980596  751.3856217610676  325.3859438296883
  10.0  8.388608E7  575.008508490512  752.0424179456026  301.8336872178089
  10.0  8.388608E7  583.3460608793437  752.1243243231544  346.83081290204626
  10.0  8.388608E7  588.7666419259145  761.8063660083915  326.22776932026164
  10.0  8.388608E7  576.4068858129983  752.489109103911  304.9444978480972
  10.0  8.388608E7  585.1643054398011  756.2808032345815  332.0195067588838
  10.0  8.388608E7  569.6942914743954  743.3709417495846  305.3250286498864
  10.0  8.388608E7  580.0970630713961  752.0428897518598  323.3257330381271
  10.0  8.388608E7  567.4011797673601  745.9584972115707  283.32435420197504
  10.0  8.388608E7  596.7678069752986  769.1936706580532  334.1156903272125
  10.0  8.388608E7  571.3945213691861  741.9161087444296  321.8964409483937
  10.0  8.388608E7  567.787294412509  739.536323317654  313.7134337486885
  10.0  8.388608E7  584.9192938374653  759.317879496949  320.96199985001493
  10.0  8.388608E7  576.547073883559  745.430828276551  335.7734279379526
  10.0  8.388608E7  579.9454091294554  747.4917707200294  343.69122087688044
  10.0  8.388608E7  579.2289864650519  746.1986399034271  344.8644960513623
  10.0  8.388608E7  575.6376992958557  752.2137141861398  306.6409336131799
  10.0  8.388608E7  588.9346033835218  756.5094273232957  350.3658862269518
  10.0  8.388608E7  576.4376597458763  751.4096603779346  304.49706701086666
  10.0  8.388608E7  576.5317654436254  751.4629249952603  305.45755720907465
  10.0  8.388608E7  577.9673192731923  754.204534104  304.36614288151446
  10.0  8.388608E7  575.2222755407215  746.0021963416507  325.93349548303115
  10.0  8.388608E7  581.9322686236667  756.3742477502901  310.90699043336764
  10.0  8.388608E7  577.7973580588816  750.3525157250639  321.2888313630944
  10.0  8.388608E7  577.960005821999  752.622807542807  311.1200410330448
  10.0  8.388608E7  575.6306745555352  745.4545409727466  328.9998298944979
  10.0  8.388608E7  581.6731135067108  752.1254444197352  329.0152083975937
  10.0  8.388608E7  576.6427907230222  742.6522257065235  347.92545449486664
  10.0  8.388608E7  584.0602780449215  745.1561509469968  398.3699851568665
  10.0  8.388608E7  580.9704509771061  752.4178239353399  327.5638659723218
  10.0  8.388608E7  572.4488366195545  740.9181443282702  330.510850712469
  10.0  8.388608E7  579.7873552548037  753.3304328778461  317.48795209282866
  10.0  8.388608E7  579.199525063446  749.422221382899  330.02212334806075
  10.0  8.388608E7  578.5358841663082  747.7226695176928  337.07238404537225
  10.0  8.388608E7  565.2780645991234  738.2397622419339  306.8674685866107
  10.0  8.388608E7  580.0929143388048  751.0110924666553  329.507842961114
  10.0  8.388608E7  581.8254634115186  758.4984434536096  304.79277706308596
  10.0  8.388608E7  585.9233503885163  761.4939517677283  313.9672042364448
  10.0  8.388608E7  588.8878999679567  756.2108409210969  355.38215713786474
  10.0  8.388608E7  573.0635174710154  747.1028754003239  309.322725548819
  10.0  8.388608E7  566.5649309170772  735.2461943613827  322.5994682190951
  10.0  8.388608E7  577.8143002270017  742.0076421864512  363.2459593955959
  10.0  8.388608E7  580.8834646993342  753.580390527127  324.83992080245594
  10.0  8.388608E7  580.2660303317352  750.0737297669936  335.4765889557569
  10.0  8.388608E7  578.0822876094212  747.810602792673  331.5958588700986
  10.0  8.388608E7  588.3966811505909  759.7604720971059  336.4826776058332
  10.0  8.388608E7  584.6499641719923  758.0474969358074  323.13186836221183
  10.0  8.388608E7  577.6051556749785  748.4514036522819  324.3099141902228
  10.0  8.388608E7  571.2443382147716  742.3357666001293  312.5456753293305
  10.0  8.388608E7  574.6137373274032  749.0657484017736  309.23868071302553
  10.0  8.388608E7  581.4239796987424  751.7099878394985  333.02109627177964
  10.0  8.388608E7  591.6213880017771  760.5237117270682  349.5748606021583
  10.0  8.388608E7  568.8591916772921  741.3556184759499  309.08331314572547
  10.0  8.388608E7  579.9029835808697  749.3644758954159  332.00951058821886
  10.0  8.388608E7  579.1779070308492  753.2257543156936  309.55238681153554
  10.0  8.388608E7  570.6786390929177  742.2583715198712  317.7721226362994
  10.0  8.388608E7  581.9584162647683  752.6011878030677  325.9789442527739
  10.0  8.388608E7  593.3159491981659  761.252466733179  354.4628239586719
  10.0  8.388608E7  581.9990814883603  756.6104069137724  317.0397310442206
  10.0  8.388608E7  580.1651588107788  744.3147713883168  366.2842974498405
  10.0  8.388608E7  586.6374564820813  759.2284854235568  330.7921530191623
  10.0  8.388608E7  574.5805220814664  744.1875198884799  327.68574318141157
  10.0  8.388608E7  597.5513078952048  766.5683471072915  355.08575373523655
  10.0  8.388608E7  578.7704016671439  752.2351233705508  313.8246846322442
  10.0  8.388608E7  578.2273091197588  750.268864605961  317.5368035827399
  10.0  8.388608E7  578.4895345444082  754.9933502930135  305.2766262100011
  10.0  8.388608E7  572.2909029262444  741.8630015432901  327.00673032919536
  10.0  8.388608E7  573.6371633503699  747.68050245085  311.7015063942566
  10.0  8.388608E7  578.0837937058592  749.21873776319  327.32646321135695
  10.0  8.388608E7  575.5158742709629  737.9142827547174  376.9301405684191
  10.0  8.388608E7  577.644547912933  754.6988519621267  298.3670194920713
  10.0  8.388608E7  585.4647313912973  760.0792019026818  320.4401899377806
  10.0  8.388608E7  570.8912405896789  743.2425793857801  311.6590101299482
  10.0  8.388608E7  581.3577774919379  756.046144366922  312.60218215563924
  10.0  8.388608E7  584.2077224065886  749.3441950706997  361.1553518250578
  10.0  8.388608E7  581.8995643001351  751.0644436477174  340.5812269544073
  10.0  8.388608E7  582.6159067548866  747.4839708026476  362.4923535187644
  10.0  8.388608E7  581.9822555697555  747.6719156537912  356.1722480059045
  10.0  8.388608E7  582.4720814130961  756.4188587759044  319.439932830652
  10.0  8.388608E7  567.2966090795513  743.1142941625926  297.9451278858417
  10.0  8.388608E7  582.6642502028685  747.9722700620263  358.00342766440997
  10.0  8.388608E7  585.3548371658673  757.1695723590827  330.05143470742047
  10.0  8.388608E7  572.7452071045547  741.9468171763141  328.0455291182916
  10.0  8.388608E7  575.7604710807097  745.1023488926836  330.0389454908854
  10.0  8.388608E7  576.8481507119732  748.7682593058739  317.3171214904965
  10.0  8.388608E7  578.7620372838941  748.8969521868505  330.7538137202972
  10.0  8.388608E7  572.7388660048299  744.9522024485916  318.1199502328441
  10.0  8.388608E7  576.1881294401517  745.2281843564097  331.6960792492225
  10.0  8.388608E7  576.6355827474713  752.6513364415499  307.4725821352147
  10.0  8.388608E7  565.7417251159613  739.8472327688504  297.7028289330148
  10.0  8.388608E7  573.0304587063893  747.0352327201557  306.871733958883
  10.0  8.388608E7  587.2195050183439  758.4419434309511  329.6258667154376
  10.0  8.388608E7  578.4003918639406  749.8103573461586  323.3519686332267
  10.0  8.388608E7  570.3812931764204  748.586770070077  290.64695066248
  10.0  8.388608E7  582.6241610709269  748.1541291537593  358.5990850152144
  10.0  8.388608E7  590.3748452019239  759.9757430150588  342.20655988723894
  10.0  8.388608E7  581.9371321980392  746.4676632824176  368.44247550478303
  10.0  8.388608E7  580.1407611297053  751.5254444560543  327.04356774544095
  10.0  8.388608E7  578.1767775787102  751.0855216640415  321.1196699036191
  10.0  8.388608E7  580.7705355201185  749.4040028846397  340.4494816639293
  10.0  8.388608E7  583.0751068105747  754.5152124833265  325.7636809979446
  10.0  8.388608E7  589.7959072473624  760.9778348870658  335.0114988514089
  10.0  8.388608E7  579.3390834210426  755.877876217486  307.93093020895225
  10.0  8.388608E7  574.0485943479  739.7366913179197  352.19597124060306
  10.0  8.388608E7  579.9608257071703  754.4857075411302  316.01779097302745
  10.0  8.388608E7  579.6835258487328  748.3001186871926  339.7933542656544
  10.0  8.388608E7  582.640200106785  747.3932730806582  361.18932905145243
  10.0  8.388608E7  569.9622403417742  741.4151811316902  316.2449026536743
  10.0  8.388608E7  584.9851252720526  752.5859932832035  347.130343366478
  10.0  8.388608E7  579.9280656063494  749.4334560173756  333.084937794052
  10.0  8.388608E7  573.0605981243958  749.7165362334306  299.1902025170129
  10.0  8.388608E7  588.1869457107211  762.2313117353817  328.6821719727344
  10.0  8.388608E7  573.931576724315  744.4285861972988  321.1727945119446
  10.0  8.388608E7  574.3192099858069  744.543588768018  321.8479610420838
  10.0  8.388608E7  572.3988173521678  752.3072116703904  287.99428496407114
  10.0  8.388608E7  588.5813295483985  760.5718671481239  333.5671007076511
  10.0  8.388608E7  567.0420121212476  734.3959623812743  332.43267325055115
  10.0  8.388608E7  589.3619586722714  758.5207156410895  345.32600940656647
  10.0  8.388608E7  596.2059942527973  765.026271891525  358.66629574341675
  10.0  8.388608E7  592.7257205962262  758.4154912619731  365.99475851027285
  10.0  8.388608E7  566.9497235161201  740.5539900870568  303.6299682408442
  10.0  8.388608E7  577.0609857878871  747.9070374697728  323.8791661683616
  10.0  8.388608E7  572.6504682789603  749.8653315359319  297.7798584321196
  10.0  8.388608E7  589.4195815352069  758.8112256693125  345.7081839895906
  10.0  8.388608E7  571.8074591695479  745.5087658179441  306.86882219188385
  10.0  8.388608E7  582.2108358732639  749.2817059721335  347.2112536713107
  10.0  8.388608E7  578.8277799183687  749.739976390268  331.0479367648733
  10.0  8.388608E7  582.9421809672656  759.7954361446114  309.09593054104636
  10.0  8.388608E7  585.6856511348826  759.8543340689246  323.8726391869741
  10.0  8.388608E7  576.2179589844068  749.4717633839902  311.431303265491
  10.0  8.388608E7  596.4681707474701  766.0147183683097  349.9317317575642
  10.0  8.388608E7  572.3472927442799  748.3529959653191  293.0854575996867
  10.0  8.388608E7  578.4703056652749  747.1696473611739  337.59691534938116
  10.0  8.388608E7  574.6348188975727  745.805048828122  321.4589016526237
  10.0  8.388608E7  568.1621025380085  733.2832432286747  347.821848099422
  10.0  8.388608E7  576.3910080399943  750.6159641925763  306.6700887943624
  10.0  8.388608E7  579.264060924364  744.3118691583479  357.85727363811475
  10.0  8.388608E7  576.2346276414531  748.2015528938352  317.9088683876945
  10.0  8.388608E7  574.3838961665504  743.6817885803416  333.7935181185129
  10.0  8.388608E7  584.2407156955379  756.0458913473386  329.39788011291836
  10.0  8.388608E7  585.8387151923743  755.17401312245  342.8235148697382
  10.0  8.388608E7  580.770138882028  753.073040625473  324.0670096634979
  10.0  8.388608E7  565.7781759275787  735.8472412370579  320.78313986673686
  10.0  8.388608E7  588.3565886113695  757.8703732749059  343.5988206939706
  10.0  8.388608E7  588.4284181671632  761.6595729265708  325.62081488036654
  10.0  8.388608E7  579.5947293702668  753.9150415016142  315.94877589758977
  10.0  8.388608E7  576.8803618800725  749.2846694657334  317.86250265042236
  10.0  8.388608E7  578.4784521903084  747.122042957013  333.0760138534815
  10.0  8.388608E7  577.1486881885533  754.5624598271492  300.88831250484003
  10.0  8.388608E7  576.4134108627549  753.5350950286182  299.4190259951127
  10.0  8.388608E7  587.5348384441265  758.1034286089958  334.03747059887746
  10.0  8.388608E7  563.9728377241389  737.396894476756  303.7632884884299
  10.0  8.388608E7  594.168961984129  757.7808282715687  385.95720579589863
  10.0  8.388608E7  580.5016442589019  753.9736947116252  314.8421730707661
  10.0  8.388608E7  578.7056254527429  751.0739857831005  319.54750496004306
  10.0  8.388608E7  572.0552858695888  748.036706613905  302.1625167356864
  10.0  8.388608E7  574.1562410895332  749.2128091748654  301.453258969067
  10.0  8.388608E7  593.4762773546561  762.0350571583596  354.6343879971362
  10.0  8.388608E7  578.593586442147  750.7230674067891  321.91120837944817
  10.0  8.388608E7  585.5011495638043  757.1696478469173  330.4030187271432
  10.0  8.388608E7  577.1768937916374  749.7419218151266  318.28184076409593
  10.0  8.388608E7  576.3082830654844  745.1853413370127  335.884648110301
  10.0  8.388608E7  577.9803286759915  743.0237241909821  367.6964548042184
  10.0  8.388608E7  577.9442080334314  747.2059040352846  332.53916973471405
  10.0  8.388608E7  577.6096537551966  753.9786000888358  302.6744259017626
  10.0  8.388608E7  582.3014038626718  751.9040000387554  335.1041658744171
  10.0  8.388608E7  586.8259564749985  761.6487311073731  317.2470961030662
  10.0  8.388608E7  577.1768129687265  752.7771394772817  305.4226778516542
  10.0  8.388608E7  581.7326193530336  755.1103627151908  320.04458568944165
  10.0  8.388608E7  578.4890409013767  747.165608272916  338.81919591289653
  10.0  8.388608E7  571.6710644821848  737.689289587938  344.20977365986266
  10.0  8.388608E7  583.4797883587595  752.067689091879  340.7065436450596
  10.0  8.388608E7  575.7038068319564  739.0409315900721  365.04112131158394
  10.0  8.388608E7  579.3816164297638  747.4798179985208  342.7680899756408
  10.0  8.388608E7  582.4827740841957  752.1685044037516  337.2466522763181
  10.0  8.388608E7  573.412488801578  752.4259848392489  290.6329971064403
  10.0  8.388608E7  576.3790809411131  746.8217466409142  324.877824034027
  10.0  8.388608E7  589.9620926783437  757.9881316010242  350.55219071832613
  10.0  8.388608E7  573.6965382613466  753.1805614836339  296.9031797446784
  10.0  8.388608E7  573.1441074952884  750.9429791554733  291.9082816367443
  10.0  8.388608E7  588.3280660365725  759.5722853114854  335.32919221344656
  10.0  8.388608E7  583.8215664448963  751.0278217045154  348.47987843240105
  10.0  8.388608E7  573.3255634568445  743.8245208570514  324.48949143078295
  10.0  8.388608E7  576.3507997916503  747.0435444411053  321.71432852362955
  10.0  8.388608E7  566.0220074139088  741.3877215626151  295.3437996792616
  10.0  8.388608E7  584.9806314050937  752.5779368035833  347.78069733878704
  10.0  8.388608E7  578.1426134816929  753.6593778164043  309.7481048736721
  10.0  8.388608E7  587.5549224751156  753.0627248927836  363.22315586259884
  10.0  8.388608E7  568.2062369258558  747.3998111223405  282.66095291796466
  10.0  8.388608E7  577.5911152135315  740.8557731742321  371.43893439251025
  10.0  8.388608E7  578.7350194311135  754.757874618178  302.38445147544945
  10.0  8.388608E7  570.0863835672728  746.9111337462025  292.7775685474714
  10.0  8.388608E7  571.9112772066987  746.5385772914678  296.7318071080371
  10.0  8.388608E7  588.635873031311  760.3109970264181  333.22960397010405
  10.0  8.388608E7  577.1198812770385  743.3469543140064  348.10879642213433
  10.0  8.388608E7  579.9828550851231  756.8082208574322  300.9738340501839
  10.0  8.388608E7  563.1775498219127  734.4617048529595  310.1503936326091
  10.0  8.388608E7  588.2520582267673  757.1117952836759  344.87879316168613
  10.0  8.388608E7  584.4098145119092  756.748054158962  325.5428638103218
  10.0  8.388608E7  568.8731952598723  744.5081745430236  297.65595197213736
  10.0  8.388608E7  577.7719290420662  752.756298093519  310.42276539223786
  10.0  8.388608E7  588.7780550425368  763.4803037239795  323.74775037151284
  10.0  8.388608E7  584.1741675723258  757.5767529485371  314.10989341385516
  10.0  8.388608E7  584.3884926693552  760.3062122032354  312.47771117934576
  10.0  8.388608E7  574.2621564441013  744.2639474222236  324.8799880002762
  10.0  8.388608E7  578.3072669556777  745.3124549494294  348.11752616680434
  10.0  8.388608E7  574.507489168846  750.2636765922197  303.5670315937834
  10.0  8.388608E7  576.5744962906051  747.6587466899857  326.8331110843559
  10.0  8.388608E7  582.2602693154321  750.1549878084694  347.54784449155846
  10.0  8.388608E7  582.3253049906117  756.8506354714486  312.1738403389172
  10.0  8.388608E7  572.4867404532337  748.3977544111616  298.8731061222009
  10.0  8.388608E7  576.6621001716518  747.9419477214813  324.02592531090767
  10.0  8.388608E7  576.9306264581733  751.1308962601888  308.6084139331577
  10.0  8.388608E7  578.8703831345  749.2943434678505  327.4761310772368
  10.0  8.388608E7  571.5145701335688  743.0956578049827  310.6160517079921
  10.0  8.388608E7  580.8280223247197  746.8561334579703  355.5319204509357
  10.0  8.388608E7  583.8756330915453  750.6122597767545  353.01517250844273
  10.0  8.388608E7  575.0504468063623  748.3575661743265  311.53704208958845
  10.0  8.388608E7  587.2558908736904  759.4797901387634  328.484860037456
  10.0  8.388608E7  573.4586335899594  747.5733021854281  308.63443569257635
  10.0  8.388608E7  591.1155973383648  752.9624174480672  396.68761980477666
  10.0  8.388608E7  571.4782793866394  744.5232988374178  308.53545771077114
  10.0  8.388608E7  569.3946479477559  740.1338817906651  318.1151053660562
  10.0  8.388608E7  584.1918200750057  758.3601984060534  317.1056884162297
  10.0  8.388608E7  597.3552316652858  764.3294381267087  363.2638300554508
  10.0  8.388608E7  589.3212843464703  754.857548015248  364.4232608165958
  10.0  8.388608E7  573.8130224187693  746.9661048043021  310.8138733905694
  10.0  8.388608E7  586.9594369358342  758.5522998773969  332.50849608753515
  10.0  8.388608E7  577.2014802819656  744.9873463708932  343.97665709287463
  10.0  8.388608E7  577.6492809812557  742.9034871460369  354.7541449205962
  10.0  8.388608E7  588.9284661817138  759.1123127190177  338.33656748673576
  10.0  8.388608E7  579.7159344477672  751.2924414922371  324.11270322295763
  10.0  8.388608E7  576.289027164898  751.4883649280276  306.53715393394344
  10.0  8.388608E7  578.2471574327285  747.510300393571  332.21773292463814
  10.0  8.388608E7  587.6001246573383  757.5366342402754  341.6470900027474
  10.0  8.388608E7  574.7752563781555  746.1252308845727  319.0918099907324
  10.0  8.388608E7  568.4230348102149  736.2478289427811  331.11041448941455
  10.0  8.388608E7  584.9307393918627  759.8736882461968  319.7358401887082
  10.0  8.388608E7  575.3067764912214  749.2634958009074  310.74742112709185
  10.0  8.388608E7  578.7403622228514  750.5443213817493  324.7349038595984
  10.0  8.388608E7  572.7710460013601  744.176510770009  311.84750205580406
  10.0  8.388608E7  577.3215221095638  748.8199932714532  324.52531094251486
  10.0  8.388608E7  579.1448991700443  754.7696784955681  306.8379986828042
  10.0  8.388608E7  573.8686603860938  747.5797770376835  309.8598967023467
  10.0  8.388608E7  589.777657920724  758.3835352681139  350.8946480635215
  10.0  8.388608E7  577.5029715142273  743.9353555899532  348.37221322334346
  10.0  8.388608E7  573.5600026925678  751.1557462405476  292.4460289769418
  10.0  8.388608E7  580.5397246066238  749.5875301685727  332.27745219947036
  10.0  8.388608E7  580.7426206228859  750.3720888000935  334.4426017692692
  10.0  8.388608E7  579.809391042726  753.7339706112491  314.88453470069953
  10.0  8.388608E7  580.3199749333659  749.2200622495536  341.6770314742838
  10.0  8.388608E7  588.5507683062649  756.3618739989165  351.7030803956271
  10.0  8.388608E7  588.4540283536164  755.9450663670625  354.61885301644617
  10.0  8.388608E7  585.0660316323894  756.8153005345064  324.68298155125404
  10.0  8.388608E7  572.9285772165842  748.2019494419849  302.05848466102515
  10.0  8.388608E7  579.7102419999331  748.5126303749172  334.70758626223403
  10.0  8.388608E7  577.0349627578195  748.496366380556  322.34839648156134
  10.0  8.388608E7  576.3468493443844  745.56230629267  332.24381896854425
  10.0  8.388608E7  580.371441777322  748.8002787495234  340.67756017750537
  10.0  8.388608E7  572.787373489729  743.3668871140623  318.04068340142703
  10.0  8.388608E7  578.50685455092  752.5954270026764  313.78951334851837
  10.0  8.388608E7  580.8516496715256  744.0051967001415  375.30132237416103
  10.0  8.388608E7  583.7213693304077  754.9058558367032  328.01895372820076
  10.0  8.388608E7  576.0794380212004  741.6082840939275  350.029796577955
  10.0  8.388608E7  590.6476050609582  758.8561140351189  351.1404236265898
  10.0  8.388608E7  572.5967865733742  747.5239445896855  302.453323898934
  10.0  8.388608E7  589.0474984090422  759.9053322538255  336.26771608062296
  10.0  8.388608E7  577.571428826103  747.3244431702107  330.94777822458883
  10.0  8.388608E7  569.1083311986034  745.036856534255  299.20501572849275
  10.0  8.388608E7  577.8143794115916  751.4870022210932  317.4723454057635
  10.0  8.388608E7  584.9539917045729  760.4454856680226  313.0667194475442
  10.0  8.388608E7  575.7680611347272  749.8950490607739  311.414382739776
  10.0  8.388608E7  578.9546699163016  755.0985465925776  307.2119703813486
  10.0  8.388608E7  578.2959270888039  751.2637295465788  310.9692015110604
  10.0  8.388608E7  588.5551388880108  758.0306478827337  340.7782884681249
  10.0  8.388608E7  580.6238297629786  755.306284640693  307.4846581621469
  10.0  8.388608E7  577.9466298078333  751.0419341011066  314.52116408316743
  10.0  8.388608E7  585.8944661586789  757.0695526653476  331.0891419479682
  10.0  8.388608E7  582.1389348651069  753.44803350334  328.0530105734225
  10.0  8.388608E7  579.4845156169306  753.0862838708007  318.9767439038825
  10.0  8.388608E7  568.6123938017508  744.9843547456978  290.38075429342973
  10.0  8.388608E7  568.0169121011195  739.5257137817033  310.99789844642766
  10.0  8.388608E7  574.3285259035698  749.441626251132  297.05185109946075
  10.0  8.388608E7  572.1254988717476  741.8675314055905  325.44841095670245
  10.0  8.388608E7  578.7559716941075  753.0723582062557  309.77701657106854
  10.0  8.388608E7  588.1208225636102  762.8716615612218  321.7874178232423
  10.0  8.388608E7  571.5321661835596  742.6944472212261  313.617789900776
  10.0  8.388608E7  578.4548502585675  744.972452403923  351.1969610294779
  10.0  8.388608E7  569.4582112323837  740.4600340918636  318.17122826848356
  10.0  8.388608E7  575.5511333109806  747.4328163073174  321.10860588484803
  10.0  8.388608E7  576.3029960443233  748.4809546962287  318.8486219967771
  10.0  8.388608E7  573.8158339920636  752.1987763361587  291.39635911070087
  10.0  8.388608E7  589.4779649298025  756.9265469083944  359.7055993501959
  10.0  8.388608E7  581.7795406858025  752.677045152192  335.4177356259026
  10.0  8.388608E7  583.8534917815647  751.9763209509096  344.2427971702459
  10.0  8.388608E7  576.1540402915001  746.2567111038173  328.4757326418323
  10.0  8.388608E7  580.6039874667334  754.7780443370542  312.071752227367
  10.0  8.388608E7  576.440694488432  754.0824952471991  295.6271702786494
  10.0  8.388608E7  573.9612254383508  749.3504270783469  303.05633558437194
  10.0  8.388608E7  574.3974655085815  749.0986134130155  306.6226455107461
  10.0  8.388608E7  574.3919753872732  751.6225583825737  295.4253042457491
  10.0  8.388608E7  579.7415984263104  748.3146828683842  335.25735927004405
  10.0  8.388608E7  583.4082958435899  751.2596633670051  345.5106433053534
  10.0  8.388608E7  581.046072673277  753.1730446620608  328.57961068630283
  10.0  8.388608E7  576.6329240640273  755.0583884550477  294.4395466043121
  10.0  8.388608E7  572.3901123288913  745.9554500272178  310.42307202426247
  10.0  8.388608E7  569.3685811877417  740.4319859320823  312.84836199591876
  10.0  8.388608E7  577.2002019791288  754.3827933707944  300.07470512873607
  10.0  8.388608E7  571.2703779487218  742.9211402255368  315.6526395496026
  10.0  8.388608E7  586.7012411067924  756.0228370597624  344.5869114618414
  10.0  8.388608E7  572.612447462187  749.5807248352365  302.62814754313956
  10.0  8.388608E7  568.1704838372307  745.3162951923017  292.59807008921683
  10.0  8.388608E7  576.3915503573418  752.0393331297931  302.96086620984715
  10.0  8.388608E7  582.2263738894968  758.3118941369503  310.38812961228683
  10.0  8.388608E7  583.7269930780777  753.7496818889829  335.82374175869074
  10.0  8.388608E7  593.573717053061  762.8084288478042  348.9340111128295
  10.0  8.388608E7  579.5652171890829  751.7232812347415  321.84024912925065
  10.0  8.388608E7  572.5503871102738  750.7658122270626  290.2890698217625
  10.0  8.388608E7  570.5861582080774  747.9523211849476  290.8635855851237
  10.0  8.388608E7  575.7846856470203  747.3783877159292  321.87224802506626
  10.0  8.388608E7  586.7761706602918  751.870100388194  366.64718928132163
  10.0  8.388608E7  582.6964383942147  756.2609640145906  319.9167429038424
  10.0  8.388608E7  572.2049365061971  750.2228625384945  293.95813054776363
  10.0  8.388608E7  589.3309271917537  758.6219779772669  339.05556841379416
  10.0  8.388608E7  575.5723921131494  744.980589921541  329.16434988630965
  10.0  8.388608E7  576.0050211277487  748.3745714177614  319.1727277229108
  10.0  8.388608E7  583.5011843541785  757.5073641633063  317.89337247810494
  10.0  8.388608E7  576.0148090943248  749.3309514166478  311.78517705969216
  10.0  8.388608E7  580.6636826988151  753.2900538902317  320.93276708314806
  10.0  8.388608E7  577.9283925322936  738.855030969665  395.25808005730653
  10.0  8.388608E7  585.3116375208275  756.3248828333404  333.513411073414
  10.0  8.388608E7  577.8170329545626  747.5501041554194  325.83799691566287
  10.0  8.388608E7  570.9229393434844  748.0979173842129  290.95032799566854
  10.0  8.388608E7  597.2432824341508  763.8614261372346  364.6973331218983
  10.0  8.388608E7  568.8340406864781  744.1872297850257  281.73795733480836
  10.0  8.388608E7  571.8287920164995  746.0367488094038  307.32651585359105
  10.0  8.388608E7  579.9476239944395  751.1801045861434  326.37069913443753
  10.0  8.388608E7  573.3279879481206  747.94953316922  306.91254924560565
  10.0  8.388608E7  588.4308026940093  759.8036794901747  336.1709952466857
  10.0  8.388608E7  578.3567857684089  749.1119484383776  324.93530671650694
  10.0  8.388608E7  579.6768501193467  751.2556984000472  323.4062897823146
  10.0  8.388608E7  567.1210070222205  732.7408719063401  340.01548162161316
  10.0  8.388608E7  579.7573328649837  747.7032979556425  339.8055936564919
  10.0  8.388608E7  587.2761575879003  754.3786860795907  354.7248695994889
  10.0  8.388608E7  582.6114230931846  752.4354595138427  335.46184527485934
  10.0  8.388608E7  568.5756701299711  748.8495676364718  283.31338801799296
  10.0  8.388608E7  582.6998890464779  752.8770817643364  337.87317172247475
  10.0  8.388608E7  571.2377503223668  742.7608725994589  319.1052149485257
  10.0  8.388608E7  585.0450220060845  754.0717694011973  340.19648306880174
  10.0  8.388608E7  578.7781509638974  748.5633912635012  330.77936029838116
  10.0  8.388608E7  574.9295787755756  743.4935383891121  336.395283061027
  10.0  8.388608E7  581.1762397692136  748.8932341736154  352.53808505876015
  10.0  8.388608E7  576.379956423803  750.5465607799867  312.2660932985446
  10.0  8.388608E7  574.9183614611943  746.2906238685935  318.74527211639224
  10.0  8.388608E7  569.6087599830179  741.3087796419422  313.35174869396246
  10.0  8.388608E7  581.2390919429135  753.6644843729722  323.8713132237156
  10.0  8.388608E7  578.4114441370534  750.7416054647997  319.06742687544926
  10.0  8.388608E7  591.6677404423867  755.6846947674037  382.9354523151841
  10.0  8.388608E7  566.2448027651031  739.5760388143564  305.4860099806992
  10.0  8.388608E7  578.5827068203107  753.8717859887719  309.76183762610094
  10.0  8.388608E7  576.2567263228196  748.5187564014501  318.9338823935038
  10.0  8.388608E7  581.1781002003473  752.0677696503421  329.57659881810144
  10.0  8.388608E7  577.6003241019813  751.4895594188222  316.3889683526304
  10.0  8.388608E7  566.9179194021057  730.4955012843017  356.4489117738704
  10.0  8.388608E7  582.1132454561314  752.1464201506612  339.0661049148502
  10.0  8.388608E7  574.8758665656842  744.906003791183  328.9311306712061
  10.0  8.388608E7  581.8690044645263  751.219234054333  336.5529054901947
  10.0  8.388608E7  570.2102974317326  749.3300104088386  288.6889110570716
  10.0  8.388608E7  573.2157975848243  742.1999743657645  328.89836319733587
  10.0  8.388608E7  572.9891528880083  748.9216631292959  301.45816602880177
  10.0  8.388608E7  571.7976847199363  751.5067212859053  287.5263901941903
  10.0  8.388608E7  583.2828408871081  755.4318885759444  329.53760378558104
  10.0  8.388608E7  575.9702823100731  747.1831412713595  321.83798127513165
  10.0  8.388608E7  580.3014054564819  750.7287123296036  328.8537632777032
  10.0  8.388608E7  570.0515892757791  738.0720537595266  328.7273184773969
  10.0  8.388608E7  581.1202064435474  753.421629768145  322.798177744901
  10.0  8.388608E7  561.0045837535332  736.2742418405235  292.9577844168614
  10.0  8.388608E7  578.4694288547066  747.7760489537585  337.9594525284144
  10.0  8.388608E7  576.780867596907  755.5207685562866  296.84423632854043
  10.0  8.388608E7  572.8531575553781  740.0192798385541  338.34687705272165
  10.0  8.388608E7  587.3521219749955  757.2218193666334  336.0481261743211
  10.0  8.388608E7  583.6496767824335  752.7772270268753  338.8351951129279
  10.0  8.388608E7  592.4170590733518  763.1577867152448  337.71237043684533
  10.0  8.388608E7  582.0990190459336  759.7570419564746  299.668398889694
  10.0  8.388608E7  586.9334601987114  760.8504181612543  322.7531086784271
  10.0  8.388608E7  583.1378296230839  748.7154407100273  360.5213453434808
  10.0  8.388608E7  578.4983518164723  747.5159548034089  333.63421230013205
  10.0  8.388608E7  578.2757638325476  753.730904613044  305.3410813576348
  10.0  8.388608E7  584.2000134842274  751.7209726723484  350.7524441867042
  10.0  8.388608E7  575.2330351890946  745.7302333124887  326.71106299339266
  10.0  8.388608E7  571.8138506964389  741.2587917748499  324.3173866331
  10.0  8.388608E7  578.4780967746386  747.7307508263551  335.7130065376457
  10.0  8.388608E7  573.4833360166216  746.9269338569901  308.9341671413456
  10.0  8.388608E7  574.5475514257685  743.1425444459613  330.60806097246234
  10.0  8.388608E7  583.5021737305974  759.1971544587087  311.09460917276533
  10.0  8.388608E7  576.1223804994002  752.6863249488899  300.43215271257026
  10.0  8.388608E7  568.2514831338658  740.6088969970789  308.77707150659717
  10.0  8.388608E7  575.7824285323666  751.9209808911252  298.3539782843238
  10.0  8.388608E7  573.4033209252908  752.2894333128168  294.17204645744914
  10.0  8.388608E7  570.9063127437166  737.8740557888331  338.0760244964179
  10.0  8.388608E7  576.3619345231166  753.6088592177638  302.20834174434424
  10.0  8.388608E7  587.9670846495798  759.3351778935262  331.184813226843
  10.0  8.388608E7  585.5296505367392  760.675134815185  315.76112017267207
  10.0  8.388608E7  581.8309933200964  752.1555802621954  331.40843535680375
  10.0  8.388608E7  580.596052303805  745.937799716016  356.90862396596
  10.0  8.388608E7  574.427660110505  747.5596937045199  307.77707921761885
  10.0  8.388608E7  577.606390052063  754.7090240842958  302.0373605891596
  10.0  8.388608E7  579.2191093115398  749.8424183308559  328.6826482928249
  10.0  8.388608E7  583.4520163184409  758.1515962755313  315.95863968537475
  10.0  8.388608E7  585.4223994346062  754.0770361239997  343.42571497363485
  10.0  8.388608E7  575.6956566342965  753.0273041437682  297.7003962103715
  10.0  8.388608E7  586.7740420831702  756.2304988170703  339.90734601376175
  10.0  8.388608E7  575.6413975537963  736.500213971463  392.6772416181242
  10.0  8.388608E7  576.2733522502563  750.0560374058152  310.8145582929475
  10.0  8.388608E7  576.6200571256087  747.7413827322663  324.84500761617653
  10.0  8.388608E7  571.9820056736789  740.7801696705016  325.93418108226865
  10.0  8.388608E7  579.845102926251  747.1314773156266  348.0392852542492
  10.0  8.388608E7  582.8849050173425  756.7391914508868  319.84840409190383
  10.0  8.388608E7  585.6390541754947  755.4426005480017  338.6537827393292
  10.0  8.388608E7  582.8254664524097  756.2971965320385  318.61180345860856
  10.0  8.388608E7  570.5491868068955  745.2196361342358  306.9868970784061
  10.0  8.388608E7  584.0856913411363  752.1767429591278  347.19213516635347
  10.0  8.388608E7  574.1757505826097  746.8172495398244  315.1098257695329
  10.0  8.388608E7  578.880985902513  747.7345373166902  334.30690169275806
  10.0  8.388608E7  580.1089229838942  751.5755724992079  322.8586464131375
  10.0  8.388608E7  581.8115689048378  752.1288272821571  332.933204937477
  10.0  8.388608E7  596.7362597631213  766.3609202042235  350.0179278031045
  10.0  8.388608E7  581.3493174685874  750.5879740857366  333.18458730204776
  10.0  8.388608E7  589.5958585946235  754.9000000841042  368.1278389857611
  10.0  8.388608E7  574.1725510765219  747.4334046207266  309.5811139652255
  10.0  8.388608E7  572.0317448377783  746.8260171793893  301.2269248804245
  10.0  8.388608E7  592.7915827271634  756.7388587693663  381.6602389221884
  10.0  8.388608E7  574.2807266734036  752.1025464126028  296.9561308031821
  10.0  8.388608E7  565.3489948689274  728.7724122757473  359.4805246540618
  10.0  8.388608E7  590.2971408826957  756.5110136472905  361.8850708964718
  10.0  8.388608E7  587.0567289682632  756.8892954286728  333.15881109546984
  10.0  8.388608E7  583.9550258532543  749.0667452856  362.374735360769
  10.0  8.388608E7  579.955529040771  749.714749590445  334.0596765584417
  10.0  8.388608E7  569.8158993429269  743.5847702083754  304.86545744361973
  10.0  8.388608E7  570.272097489345  743.8453341434185  306.45075993133145
  10.0  8.388608E7  564.3356117676375  734.061158975514  315.21443842162154
  10.0  8.388608E7  586.6228990659481  756.4246289208733  337.2729549748926
  10.0  8.388608E7  592.0805676749135  759.6470163219179  355.12862040532855
  10.0  8.388608E7  593.1881655283667  758.2824346400744  377.1635115936354
  10.0  8.388608E7  586.8725074388431  757.7064027076351  331.74603501233156
  10.0  8.388608E7  581.0012606786141  755.5529443917609  311.0971316634509
  10.0  8.388608E7  572.2757752853264  742.0904610977151  327.7627938496284
  10.0  8.388608E7  583.876610170037  758.5767591129197  316.3402191044167
  10.0  8.388608E7  583.7011853610437  755.7877023371984  327.6383144062512
  10.0  8.388608E7  573.0625833699612  743.9463273101017  321.4147896498371
  10.0  8.388608E7  579.7580030133062  748.171929843554  341.87170860089356
  10.0  8.388608E7  577.0235825594823  748.3380896827117  321.3511770243702
  10.0  8.388608E7  579.3502653073813  741.5427207471422  381.62707371626465
  10.0  8.388608E7  581.9661965475208  757.9295103912482  308.33404265783537
  10.0  8.388608E7  571.2692468250748  746.7904491712706  301.245134362403
  10.0  8.388608E7  575.1961242601581  745.8202388334958  324.52739200452237
  10.0  8.388608E7  588.0894178741556  759.1633154399166  340.75544867622665
  10.0  8.388608E7  577.426956481278  746.3079713328865  336.5663963268525
  10.0  8.388608E7  573.1739873810335  737.7406319444206  354.8630113604787
  10.0  8.388608E7  585.6082546218385  758.4874691614899  322.2933821635017
  10.0  8.388608E7  578.8448683883836  752.4010536471698  317.7063661133374
  10.0  8.388608E7  577.640036194285  746.904035271837  336.56915634174123
  10.0  8.388608E7  575.7488298955024  746.5702197335809  318.3839571872718
  10.0  8.388608E7  578.3331878909287  748.1612175704379  329.8271565301024
  10.0  8.388608E7  571.0352259487992  742.5020166934095  310.2488175925713
  10.0  8.388608E7  578.043106437498  746.5028095137731  336.9146259132769
  10.0  8.388608E7  587.4495446979062  755.7366553655328  346.16017122698446
  10.0  8.388608E7  577.5215483386603  750.8082264467477  318.82984105197386
  10.0  8.388608E7  578.3148192044197  747.2562655221304  334.4832615501669
  10.0  8.388608E7  587.7733455659428  754.6053752409007  354.543862147347
  10.0  8.388608E7  581.0889598759737  749.2191209639589  340.3476321819844
  10.0  8.388608E7  574.6473197334743  738.8362796295884  360.0620070444018
  10.0  8.388608E7  587.4088970874006  760.099129214379  329.129822693661
  10.0  8.388608E7  593.0585634649801  763.3276826848761  343.45692489431303
  10.0  8.388608E7  575.7034308198913  747.6385104446554  319.6745597649574
  10.0  8.388608E7  581.1868980212525  753.1955279221389  325.29877910180704
  10.0  8.388608E7  580.9254061910794  749.8416217558754  340.40898435807134
  10.0  8.388608E7  565.4047190234801  741.9202838966238  287.63869585728935
  10.0  8.388608E7  581.3494948790228  749.7006659707904  340.26024791812716
  10.0  8.388608E7  577.2171461871319  752.0850421892706  308.88301153533956
  10.0  8.388608E7  567.9547670592941  742.7910406172434  297.9098935421311
  10.0  8.388608E7  578.1169433963281  748.2343167545212  330.1643920294997
  10.0  8.388608E7  576.7102129397738  743.6716976104543  345.75906637230787
  10.0  8.388608E7  573.5724577530792  748.4511849563216  304.88061207882726
  10.0  8.388608E7  587.2989811111509  758.4869685945375  333.6863655412875
  10.0  8.388608E7  577.0841473188434  749.8750255665745  321.20061551788774
  10.0  8.388608E7  575.2709901712385  749.9724321090818  311.1252410903933
  10.0  8.388608E7  588.0555454151537  762.5842764387879  324.4178582237672
  10.0  8.388608E7  573.9649758308112  752.4398588067656  290.561258372871
  10.0  8.388608E7  575.224423069083  751.4075942819414  304.01191452712266
  10.0  8.388608E7  574.4723457812627  751.1729584856157  299.18043460331086
  10.0  8.388608E7  580.097199783494  752.240005146531  318.7197529410578
  10.0  8.388608E7  598.7953862103965  767.7989167195399  355.67291138956915
  10.0  8.388608E7  583.0105863889136  750.4411082444188  352.98106231884674
  10.0  8.388608E7  576.4024440222494  741.7155657031667  350.8509246331195
  10.0  8.388608E7  590.5059040767993  758.8143699464605  354.04942669007954
  10.0  8.388608E7  578.6423326403991  752.386467001909  313.9433899715916
  10.0  8.388608E7  584.2322717970094  752.0949006250163  344.1710260273565
  10.0  8.388608E7  578.3416766316686  749.8702744602751  324.18907310686944
  10.0  8.388608E7  575.5533842744966  744.5680977350844  320.91458074669583
  10.0  8.388608E7  575.0157679200892  750.2461255406578  299.064575213607
  10.0  8.388608E7  578.5835400453759  754.4797550363343  307.46938982565337
  10.0  8.388608E7  577.4868023761036  749.5411209742324  323.1194553796664
  10.0  8.388608E7  585.3813642822439  760.7999629848074  314.0596186613832
  10.0  8.388608E7  577.2317866374825  749.0312913995439  321.63088859079045
  10.0  8.388608E7  579.6959993837221  744.9258046090108  360.70188625467085
  10.0  8.388608E7  587.6826406875199  754.6378859048064  352.48721665890486
  10.0  8.388608E7  588.8253106957646  762.4932951143112  329.5434062547961
  10.0  8.388608E7  572.6023437853595  747.9766847773195  303.450508389469
  10.0  8.388608E7  577.3596477533654  754.3068649631393  305.70927408471283
  10.0  8.388608E7  585.6043455163583  757.0910136202027  335.4844492566183
  10.0  8.388608E7  596.2521227542743  763.4222005263329  363.282010828535
  10.0  8.388608E7  579.4992700221496  754.5051356756746  310.58849833130614
  10.0  8.388608E7  573.542349323469  750.881288576236  298.3942202795645
  10.0  8.388608E7  580.3033920486383  752.782264017742  319.0871009657073
  10.0  8.388608E7  574.7891660438878  742.937427513072  340.07342561092776
  10.0  8.388608E7  590.3851345204523  759.2154296121106  342.96257041451787
  10.0  8.388608E7  586.0821509072018  759.7790561400033  323.5450095981072
  10.0  8.388608E7  570.7809262257035  746.5686294540182  304.7677273068882
  10.0  8.388608E7  584.4504313255513  751.3411692599929  353.20460964931397
  10.0  8.388608E7  580.989123160139  750.1721415868614  337.24941712867366
  10.0  8.388608E7  573.0087144159617  748.3429337314074  303.54095473814505
  10.0  8.388608E7  571.847708056979  744.243224855971  312.27221860082767
  10.0  8.388608E7  585.0751080867865  756.2991857400278  330.8761585492888
  10.0  8.388608E7  580.6749002826388  755.7573778914315  312.74650304764424
  10.0  8.388608E7  570.7909804200729  744.6599824095829  310.6765769889243
  10.0  8.388608E7  578.6861181794183  748.0089317222547  334.06124077032337
  10.0  8.388608E7  585.0226708428718  756.1024369638376  338.9320713303026
  10.0  8.388608E7  570.6622999828076  746.7375542290504  300.6827551054637
  10.0  8.388608E7  570.6585185653595  742.2677721535142  315.1034754529508
  10.0  8.388608E7  580.8324970197723  750.5354512268107  335.99469876269006
  10.0  8.388608E7  571.3907894561966  743.5411406991991  315.8553195244325
  10.0  8.388608E7  581.757476333586  744.9954020115331  375.5951485684294
  10.0  8.388608E7  573.7981274634665  745.1491674288856  320.8899833778528
  10.0  8.388608E7  579.5247197308157  753.9047655886934  311.68966082706925
  10.0  8.388608E7  572.6281140981056  745.203715781326  313.42558317966177
  10.0  8.388608E7  588.0602057941426  757.9814030521202  341.8634241402159
  10.0  8.388608E7  570.181281285338  745.9597699634021  299.3791650241117
  10.0  8.388608E7  565.1961733716653  738.7619466627945  297.89701120971756
  10.0  8.388608E7  596.3455215102036  766.3301406395371  348.35797740195176
  10.0  8.388608E7  585.7015658807019  754.8107404690993  341.0305917732448
  10.0  8.388608E7  579.8737419777677  753.3419289246326  310.45176744371935
  10.0  8.388608E7  570.2871193840289  737.1526165604945  337.7455365005811
  10.0  8.388608E7  584.3840247825897  760.0448982575954  314.9810135855402
  10.0  8.388608E7  581.9779987551242  755.161910165667  324.3168794656023
  10.0  8.388608E7  578.9850992902404  743.718995786211  362.7761982257945
  10.0  8.388608E7  573.7401253060609  743.8829337008419  324.79165297018307
  10.0  8.388608E7  578.4110381150842  753.7212274735176  310.0897248597331
  10.0  8.388608E7  583.4842486950519  753.2987186731981  339.0078117430454
  10.0  8.388608E7  581.0293438569796  751.667206628048  331.61434605877383
  10.0  8.388608E7  576.3704818841929  749.3926804438282  315.44507643964306
  10.0  8.388608E7  582.3095780292872  746.9524625877604  364.66531879057584
  10.0  8.388608E7  583.6132373910457  755.035858867443  327.8677909189895
  10.0  8.388608E7  587.3853326054335  763.4155530224292  315.06993988199605
  10.0  8.388608E7  594.7291468872951  764.16268699922  349.17621250712796
  10.0  8.388608E7  573.7337530444773  746.4757862945096  313.6356407762317
  10.0  8.388608E7  575.3393311154114  746.7742142655077  325.97900226127615
  10.0  8.388608E7  579.6176932651181  751.7570410702975  322.3651465337284
  10.0  8.388608E7  573.9467646948226  746.5924249029387  319.53129255858306
  10.0  8.388608E7  580.3615468170038  740.682794930514  407.6111886603076
  10.0  8.388608E7  572.9862957283322  739.3355002022362  344.3429212811297
  10.0  8.388608E7  580.9018466783406  756.1669662131729  309.8952465468793
  10.0  8.388608E7  581.3191427901052  752.9385508425603  326.54080341463697
  10.0  8.388608E7  593.750745724885  761.1356656481125  360.87573912244386
